1|101
2|102
3|103
4|104
5|105
6|106
7|107
8|108
9|109
10|110
11|111
12|112
13|113
14|114
15|115
16|116
17|117
18|118
19|119
20|120
1|121
2|122
3|123
4|124
5|125
6|126
7|127
8|128
9|129
10|130
11|131
12|132
13|133
14|134
15|135
16|136
17|137
18|138
19|139
20|140
1|141
2|142
3|143
4|144
5|145
6|146
7|147
8|148
9|149
10|150
11|151
12|152
13|153
14|154
15|155
16|156
17|157
18|158
19|159
20|160
1|161
2|162
3|163
4|164
5|165
6|166
7|167
8|168
9|169
10|170
11|171
12|172
13|173
14|174
15|175
16|176
17|177
18|178
19|179
20|180
1|181
2|182
3|183
4|184
5|185
6|186
7|187
8|188
9|189
10|190
11|191
12|192
13|193
14|194
15|195
16|196
17|197
18|198
19|199
20|200
